---
startPose:
  x: -63.0
  y: -24.0
  heading: 3.141592653589793
startTangent: 0.0
waypoints:
- position:
    x: -34.0
    y: -36.0
  heading: 3.141592653589793
  tangent: 0.0
  interpolationType: "LINEAR"
- position:
    x: -9.0
    y: -36.0
  heading: 3.141592653589793
  tangent: 0.0
  interpolationType: "LINEAR"
- position:
    x: 55.0
    y: -42.0
  heading: 3.141592653589793
  tangent: 1.5707963267948966
  interpolationType: "LINEAR"
- position:
    x: 12.0
    y: -42.0
  heading: 3.141592653589793
  tangent: 3.141592653589793
  interpolationType: "LINEAR"
resolution: 0.25
version: 1
