---
startPose:
  x: 0.0
  y: 0.0
  heading: 0.0
startTangent: 0.0
waypoints:
- position:
    x: 20.0
    y: 20.0
  heading: 0.0
  tangent: 1.5707963267948966
  interpolationType: "CONSTANT"
- position:
    x: 0.0
    y: 40.0
  heading: 3.141592653589793
  tangent: 3.141592653589793
  interpolationType: "SPLINE"
- position:
    x: -20.0
    y: 20.0
  heading: 4.71238898038469
  tangent: 4.71238898038469
  interpolationType: "LINEAR"
- position:
    x: 0.0
    y: 0.0
  heading: 0.0
  tangent: 0.0
  interpolationType: "TANGENT"
resolution: 0.25
version: 1
