---
startPose:
  x: -48.0
  y: -12.5
  heading: 3.141592653589793
startTangent: 0.0
waypoints:
- position:
    x: 55.0
    y: -42.0
  heading: 3.141592653589793
  tangent: 0.0
  interpolationType: "TANGENT"
resolution: 0.25
version: 1
