---
startPose:
  x: -9.0
  y: -34.0
  heading: 3.141592653589793
startTangent: 0.0
waypoints:
- position:
    x: 11.0
    y: -46.0
  heading: 3.141592653589793
  tangent: 0.0
  interpolationType: "LINEAR"
resolution: 0.25
version: 1
