---
startPose:
  x: -9.0
  y: -32.0
  heading: 3.141592653589793
startTangent: 0.0
waypoints:
- position:
    x: 35.0
    y: -22.0
  heading: 3.141592653589793
  tangent: 0.0
  interpolationType: "LINEAR"
resolution: 0.25
version: 1
