---
startPose:
  x: -7.0
  y: -32.0
  heading: 3.141592653589793
startTangent: -0.2617993877991494
waypoints:
- position:
    x: 55.0
    y: -49.0
  heading: 3.141592653589793
  tangent: -0.2617993877991494
  interpolationType: "LINEAR"
resolution: 0.25
version: 1
