---
startPose:
  x: -37.0
  y: -43.0
  heading: 3.141592653589793
startTangent: -1.7453292519943295
waypoints:
- position:
    x: -24.0
    y: -59.0
  heading: 3.141592653589793
  tangent: 0.0
  interpolationType: "LINEAR"
- position:
    x: -7.0
    y: -32.0
  heading: 3.141592653589793
  tangent: 1.5707963267948966
  interpolationType: "LINEAR"
resolution: 0.25
version: 1
